0,273
0,270
209,35
10,149
10,199
10,241
10,19
10,293
10,219
10,177
10,267
10,3
11,20
11,19
9,5
8,4
8,6
8,12
8,17
8,15
8,7
8,2
8,3
205,6
205,5
205,4
205,3
205,2
205,1
205,0
204,5
204,4
204,3
204,2
204,1
204,0
203,3
203,2
203,1
203,0
202,4
202,3
202,2
202,1
202,0
201,5
201,4
201,3
201,2
201,1
201,0
200,4
200,3
200,2
200,1
200,0
199,3
199,2
199,1
199,0
198,3
198,2
198,1
198,0
20,3
20,2
20,1
19,3
19,2
19,1
12,3
12,2
12,1
11,30
11,28
18,1
11,25
11,24
11,22
11,21
11,18
18,3
11,17
11,16
11,15
11,14
11,12
11,11
14,1
11,10
11,8
11,7
14,3
11,1
11,4
13,1
11,3
13,3
11,2
10,305
